100009058455450
100008907362024
100008844722478
100008842847018
100008807343995
100008786445209
100008748429162
100008479296780
100008469828775
100008379467012
100008295517806
100008212958528
100008145555675
100008106522581
100008059388852
100008041783087
100008033895823
100008025993482
100008013583270
100007988460507
100007987834213
100007958984918
100007935967157
100007914518093
100007903358043
100007832227723
100007721561191
100007575911686
100007568922611
100007508174111
100007451236881
100007273594071
100007266121738
100007233107681
100007231182709
100007108410006
100007051470168
100006954092559
100006933221022
100006850180789
100006839765089
100006836265842
100006807721893
100006763939213
100006720072862
100006693334988
100006642998272
100006641742093
100006619622316
100006588427391
100006570312603
100006544115368
100006520921928
100006482103695
100006440618706
100006391951669
100006346180602
100006333761114
100006289801181
100006239228319
100006161193001
100006103920704
100006102579702
100006102124813
100006081780103
100006075516673
100006056130030
100006044251673
100006042150416
100006029474179
100005937552024
100005929241126
100005862821884
100005853153117
100005825171027
100005824355375
100005785236047
100005768430235
100005758867111
100005737519418
100005732553555
100005712962672
100005627318962
100005580433732
100005572380363
100005569086503
100005535528099
100005517150234
100005487337470
100005429769103
100005416952212
100005376768697
100005372190734
100005328937028
100005325972441
100005281625044
100005182328390
100005166548574
100005157128086
100005149420705
100005069071282
100005056989181
100005049103448
100005049096583
100005042262432
100005007368207
100005000682925
100004994889740
100004978596752
100004875512422
100004849598228
100004786714774
100004754713586
100004724882786
100004717811340
100004717572179
100004714632772
100004714335366
100004714060281
100004708001465
100004680997731
100004669591943
100004637018855
100004622253987
100004601130189
100004600124183
100004563796127
100004533874559
100004461012605
100004458428748
100004455457968
100004448498768
100004397016560
100004364140709
100004355044503
100004290180801
100004282656790
100004277770208
100004249633456
100004235254114
100004205021521
100004127192619
100004071023316
100004029362407
100004027126389
100004022022724
100004010169611
100004004816149
100003996327614
100003975696595
100003973222160
100003947105983
100003945346559
100003934764697
100003895593007
100003885824236
100003858346658
100003835296953
100003823938698
100003804736090
100003795455452
100003775944648
100003772046564
100003754729527
100003746745341
100003728188024
100003709700721
100003689224802
100003686490630
100003682274246
100003650235831
100003648915183
100003640814152
100003564321816
100003562748826
100003559403437
100003553704693
100003542738233
100003542481392
100003541914111
100003536518576
100003534379550
100003530758269
100003524313562
100003516508265
100003516131184
100003513684516
100003503216370
100003498558255
100003495700169
100003487596460
100003477916513
100003473299250
100003470523128
100003395072643
100003392858636
100003390524188
100003380501570
100003379433220
100003378933491
100003378411138
100003375815071
100003361218357
100003341137344
100003321415279
100003296777518
100003283886070
100003277020783
100003269417306
100003258973324
100003257811507
100003235981708
100003234237525
100003232073510
100003218297183
100003207644505
100003202310279
100003191209012
100003182754739
100003182317657
100003154392764
100003151581087
100003147130223
100003140233438
100003132959093
100003127381350
100003126298019
100003121237395
100003101234733
100003099632626
100003094987165
100003089286486
100003076059113
100003074616234
100003067913993
100003052947731
100003052733336
100003040358589
100003037898254
100003032078944
100003024950997
100003013188732
100003011801259
100003008585711
100002990455316
100002983945551
100002979973431
100002974938848
100002974031532
100002970338500
100002966680850
100002959759578
100002953713579
100002946860713
100002946847047
100002946123485
100002941818501
100002933286757
100002911363940
100002905832110
100002901717157
100002898095412
100002897293926
100002891299189
100002889234064
100002871970181
100002869102196
100002865492243
100002864195506
100002859083813
100002852829047
100002849549223
100002834118789
100002832622514
100002830998933
100002828097295
100002818660159
100002805788548
100002794655172
100002791433298
100002788993218
100002787223770
100002784253829
100002745371318
100002728734245
100002716992649
100002708261102
100002700720987
100002666160505
100002663055053
100002662014428
100002660334837
100002660329912
100002655103640
100002640828093
100002634557134
100002634169451
100002620047911
100002619374469
100002615512042
100002614106586
100002612106822
100002612041586
100002610666397
100002606033814
100002602183646
100002602006349
100002601805380
100002600004726
100002588401862
100002576627953
100002576625409
100002574156850
100002568969049
100002568296572
100002562572692
100002562306217
100002558082045
100002553871905
100002541626219
100002540893673
100002536113213
100002533210694
100002532296628
100002528828241
100002523265876
100002514948713
100002510897572
100002509232767
100002492071862
100002486935735
100002483464987
100002483332380
100002472781378
100002471324089
100002464660167
100002464232583
100002462466528
100002459770476
100002458706568
100002454187129
100002453380324
100002451619721
100002451013057
100002449659061
100002447946549
100002444735808
100002435259386
100002433267195
100002426995183
100002423840294
100002421080137
100002419571259
100002405408896
100002403926507
100002399977149
100002399178390
100002396694062
100002388510239
100002384131731
100002381340626
100002379244039
100002376795344
100002371875017
100002366720966
100002365336949
100002352022921
100002349771312
100002347759147
100002345498916
100002343850495
100002343092022
100002342944945
100002339042718
100002338290505
100002338108950
100002334723340
100002329929126
100002328322366
100002324899499
100002322037659
100002321954465
100002321810161
100002313733723
100002312469042
100002308087753
100002307947581
100002306611002
100002305324046
100002302802529
100002301812260
100002300974130
100002300076797
100002296685445
100002292705964
100002290011928
100002283706889
100002280597549
100002279361269
100002272800321
100002267230156
100002264546953
100002261333874
100002260948308
100002256896707
100002249302067
100002245491363
100002244497880
100002238280109
100002231261581
100002227905752
100002226258245
100002220371428
100002218295716
100002217938944
100002216873564
100002204035396
100002199670938
100002193893751
100002193323327
100002191887596
100002191266258
100002188833642
100002186994598
100002180075359
100002179645120
100002178695286
100002175947677
100002171746215
100002170088286
100002169563375
100002161299492
100002156687607
100002156331849
100002153689484
100002152967373
100002146030295
100002144543423
100002140657156
100002140510909
100002138781962
100002135370954
100002125657183
100002125475804
100002120154751
100002118159397
100002115091367
100002114893050
100002112923900
100002107243872
100002104268992
100002100311021
100002095906372
100002093947661
100002093660532
100002089482881
100002086710258
100002083267683
100002075324113
100002074373853
100002072141260
100002071757493
100002071307750
100002068785884
100002067495426
100002062111136
100002061257683
100002060794967
100002059892634
100002059286641
100002058519665
100002053946456
100002051655902
100002048736771
100002047548449
100002045261742
100002044416130
100002039075226
100002033749451
100002032645744
100002032159219
100002026303122
100002025966977
100002021974241
100002019591300
100002018410835
100002009883691
100002006175397
100002005987118
100002005918440
100002001250844
100001997190776
100001995141387
100001992558366
100001991654461
100001991375818
100001971127020
100001967148070
100001967135953
100001963968082
100001961200066
100001960849758
100001957442369
100001953240112
100001951977006
100001951118471
100001946721380
100001944572684
100001943447567
100001937012084
100001929113727
100001927706372
100001922282111
100001919581156
100001919058115
100001915591039
100001915180042
100001911734508
100001908387915
100001903607414
100001902778043
100001899622727
100001898634655
100001896471487
100001894405305
100001889958651
100001887524090
100001877411384
100001870777472
100001865565098
100001861716327
100001861428272
100001852520916
100001848443009
100001848143628
100001846586011
100001838294243
100001838003337
100001836225118
100001835058951
100001831864035
100001831608363
100001819382543
100001815535443
100001814293339
100001812819576
100001809704266
100001807569905
100001807046765
100001805114316
100001787769460
100001778293431
100001775097566
100001771735897
100001770518078
100001766519084
100001766116012
100001758139705
100001756944881
100001749161508
100001747893156
100001739719661
100001735400246
100001735091030
100001728305803
100001727386396
100001723956263
100001718885433
100001718586926
100001718527549
100001717948742
100001713670342
100001706866753
100001705172278
100001700906838
100001700109206
100001691008214
100001690826518
100001682695286
100001680549756
100001676951244
100001671564619
100001669721260
100001663676468
100001663635106
100001662057582
100001660311590
100001651430115
100001645009812
100001644970068
100001640969088
100001636606118
100001631613593
100001626151969
100001624743880
100001624386901
100001621981757
100001619944903
100001619128857
100001610361553
100001610064091
100001609472927
100001608551424
100001601843932
100001601443706
100001600843095
100001599322174
100001599061988
100001596248934
100001594018756
100001591224339
100001590346940
100001588129099
100001578208090
100001570421963
100001570160170
100001568161085
100001567078456
100001565943044
100001563617981
100001560832937
100001560052454
100001558787874
100001551989049
100001548296002
100001548265258
100001540795720
100001540555435
100001527092222
100001513639686
100001511845086
100001506245448
100001497827898
100001492043991
100001487265070
100001476227055
100001475510731
100001469177336
100001465843758
100001463398703
100001461167675
100001460685039
100001455830423
100001455159542
100001455013715
100001447836923
100001446596951
100001427109637
100001425418520
100001419849924
100001411618376
100001406631451
100001402807768
100001398515083
100001393977253
100001392575059
100001389621911
100001388775540
100001381125653
100001380007339
100001376560985
100001375467072
100001372462782
100001367443146
100001364069003
100001362690143
100001362360113
100001358685726
100001352377602
100001345898814
100001344986420
100001340880342
100001338000899
100001322574662
100001316251018
100001315625214
100001308928315
100001300373940
100001299655749
100001299233050
100001291350280
100001286419070
100001284490188
100001280851448
100001279738726
100001269973394
100001264793895
100001253671724
100001244157312
100001243315995
100001235415584
100001235138774
100001232248241
100001231098531
100001230737368
100001229897761
100001224506147
100001221288605
100001220800175
100001216908527
100001213817450
100001213084228
100001208809546
100001203437479
100001194572137
100001190597034
100001181821738
100001178072228
100001168689279
100001165682283
100001162527385
100001155055604
100001154561806
100001152386549
100001150196031
100001147481323
100001143874913
100001142771302
100001142537138
100001134908931
100001129870522
100001120871964
100001114814810
100001102623528
100001101185424
100001098799063
100001089238632
100001089211160
100001085595096
100001079568690
100001074907797
100001071881390
100001065102484
100001057300311
100001052704903
100001042442541
100001038147164
100001034889281
100001028159132
100001012003917
100000981838565
100000976383195
100000976284073
100000967054810
100000963758333
100000946347511
100000942500633
100000926892779
100000926172655
100000922275004
100000919078747
100000912420940
100000899070394
100000896050491
100000891967500
100000888476391
100000863368588
100000838683680
100000826014853
100000816838964
100000811487115
100000800724840
100000799645535
100000761575260
100000729080647
100000727616511
100000723245719
100000712279054
100000705749050
100000705690838
100000699563940
100000690422446
100000689649354
100000688892280
100000687166825
100000684166450
100000677146128
100000677030019
100000675519084
100000666465856
100000665539479
100000665047104
100000662247604
100000655316842
100000651880903
100000651818407
100000649936492
100000641683479
100000630560600
100000626655839
100000616057470
100000601367385
100000597328842
100000588718621
100000588598467
100000581077848
100000580455702
100000580243940
100000577138141
100000573550106
100000572980078
100000571394906
100000568518330
100000557316838
100000556708692
100000555949537
100000555333983
100000553306667
100000550815751
100000541895045
100000532035015
100000529424887
100000520673772
100000518869604
100000511155754
100000508526119
100000494931807
100000494757129
100000490754654
100000484046018
100000479526453
100000478791263
100000474742655
100000466257502
100000456419112
100000452256024
100000447285416
100000443067067
100000435153408
100000423531757
100000409984005
100000407038726
100000399360735
100000398504262
100000389778502
100000386278386
100000382927509
100000365721964
100000357427570
100000355335894
100000355108756
100000352434955
100000348066287
100000340583599
100000340118168
100000339667291
100000336735372
100000334856142
100000331432131
100000322211400
100000314931020
100000314821885
100000311008188
100000294050890
100000293352662
100000293070464
100000286581042
100000278530446
100000277503967
100000273495131
100000271678691
100000268693976
100000267037656
100000260614467
100000254506445
100000254343879
100000250307664
100000246251128
100000245296521
100000244092502
100000243553977
100000233473791
100000222664063
100000216178915
100000214617985
100000213735525
100000207535039
100000205095765
100000201072668
100000192545859
100000181206954
100000179217539
100000175606854
100000170670649
100000168016816
100000164064858
100000162281504
100000162191136
100000160964104
100000160738409
100000156690410
100000155208145
100000154636619
100000152972634
100000152507309
100000147264555
100000142524978
100000142173782
100000137456157
100000135375065
100000135336893
100000130875238
100000128431633
100000127768913
100000124130960
100000120684438
100000119672387
100000119538691
100000118328597
100000113620107
100000104321871
100000102459834
100000100945251
100000092798810
100000087451642
100000083650640
100000081809246
100000076457484
100000074973984
100000070737309
100000069872430
100000066724247
100000062811810
100000058367784
100000055528767
100000051172282
100000050964631
100000047986690
100000045676443
100000042176649
100000041645394
100000041483570
100000036327209
100000034421082
100000031290638
100000029419836
100000029373487
100000029221386
100000026015488
100000018141386
100000010965037
100000010742060
100000009496212
100000009404127
100000005596318
100000003228875
100000000013679
1851542490
1851099418
1843639782
1835974514
1831456366
1830199333
1823912621
1820572064
1818166740
1810010989
1809193842
1808603157
1808017880
1806477437
1803967903
1798906574
1798753161
1798628589
1797815844
1795033425
1784943450
1781292579
1778002048
1770208061
1768669348
1753582704
1745737808
1742515274
1737535568
1732736541
1732674971
1730605437
1726527242
1709066813
1700845685
1696822691
1696253748
1691803949
1682196173
1680230363
1677126368
1674559739
1672397275
1670298430
1666191680
1660613048
1648961333
1631964254
1631210958
1626927725
1621043756
1606083436
1605707005